#      No.   Resi  Chain    Perc.Ind(1)    Perc.Ind(2)        Rig.Ind     SC_Rig.Ind        Ric.Ind
         1      1      A          0.000          0.000          0.000            NaN          0.000
         2      2      A          0.000          0.000          0.000          0.000          0.000
         3      3      A         -1.900         -1.900         -1.900         -1.900         -1.900
         4      4      A         -1.900         -1.900         -1.900         -1.900         -1.900
         5      5      A         -1.900         -1.900         -1.900         -1.900         -1.900
         6      6      A         -1.900         -1.900         -1.900            NaN         -1.900
         7      7      A         -2.100         -2.100         -2.000            NaN         -2.100
         8      8      A         -2.100         -2.100         -2.100         -2.100         -2.100
         9      9      A         -2.100         -2.100         -2.100            NaN         -2.100
        10     10      A         -2.100         -2.100         -3.100         -3.100         -3.100
        11     11      A         -2.100         -2.100         -3.100          0.000         -3.100
        12     12      A         -2.100         -2.100         -3.100          0.000         -3.100
        13     13      A         -2.100         -2.100         -3.100         -3.100         -3.100
        14     14      A         -2.100         -2.100         -3.100          0.000         -3.100
        15     15      A         -1.300         -1.300         -1.300          0.000         -1.300
        16     16      A          0.000          0.000          0.000          0.000          0.000
        17     17      A          0.000          0.000          0.000          0.000          0.000
        18     18      A          0.000          0.000          0.000          0.000          0.000
        19     19      A          0.000          0.000          0.000            NaN          0.000
        20     20      A          0.000          0.000          0.000            NaN          0.000
        21     21      A          0.000          0.000          0.000          0.000          0.000
        22     22      A          0.000          0.000          0.000          0.000          0.000
        23     23      A         -2.600         -2.600         -2.600         -2.600         -2.600
        24     24      A         -2.600         -2.600         -2.600         -2.600         -2.600
        25     25      A         -2.600         -2.600         -2.600          0.000         -2.600
        26     26      A         -2.600         -2.600         -2.600          0.000         -2.600
        27     27      A         -2.600         -2.600         -2.600          0.000         -2.600
        28     28      A         -1.800         -1.800         -1.800          0.000         -1.800
        29     29      A         -1.800         -1.800         -1.800          0.000         -1.800
        30     30      A         -1.800         -1.800         -6.000         -6.000         -6.000
        31     31      A         -1.800         -1.800         -3.900            NaN         -6.000
        32     32      A         -1.800         -1.800         -1.800          0.000         -1.800
        33     33      A         -1.800         -1.800         -1.800            NaN         -1.800
        34     34      A         -1.800         -1.800         -1.800         -1.800         -1.800
        35     35      A         -1.800         -1.800         -1.800            NaN         -1.800
        36     36      A         -1.800         -1.800         -1.800          0.000         -1.800
        37     37      A         -1.900         -1.900         -1.900            NaN         -1.900
        38     38      A         -2.600         -2.600         -2.600         -2.600         -2.600
        39     39      A         -2.600         -2.600         -2.600          0.000         -2.600
        40     40      A         -2.600         -2.600         -2.600         -2.600         -2.600
        41     41      A         -2.600         -2.600         -4.300         -6.000         -6.000
        42     42      A         -2.600         -2.600         -4.300            NaN         -6.000
        43     43      A          0.000          0.000          0.000          0.000          0.000
        44     44      A          0.000          0.000          0.000          0.000          0.000
        45     45      A          0.000          0.000          0.000          0.000          0.000
        46     46      A          0.000          0.000          0.000            NaN          0.000
        47     47      A          0.000          0.000          0.000            NaN          0.000
        48     48      A         -0.100         -0.100          0.000          0.000          0.000
        49     49      A         -1.900         -1.900         -1.900         -1.900         -1.900
        50     50      A         -1.900         -1.900         -1.900            NaN         -1.900
        51     51      A         -2.600         -2.600         -2.600          0.000         -2.600
        52     52      A         -2.600         -2.600         -2.600         -2.600         -2.600
        53     53      A         -2.600         -2.600         -2.600          0.000         -2.600
        54     54      A         -2.600         -2.600         -2.600         -2.600         -2.600
        55     55      A         -2.600         -2.600         -2.600         -2.600         -2.600
        56     56      A         -2.600         -2.600         -2.250            NaN         -2.600
        57     57      A         -1.900         -1.900         -1.900            NaN         -1.900
        58     58      A         -1.900         -1.900         -1.900         -1.900         -1.900
        59     59      A         -1.900         -1.900         -1.900         -1.900         -1.900
        60     60      A         -1.900         -1.900         -1.900          0.000         -1.900
        61     61      A         -1.900         -1.900         -1.900         -1.900         -1.900
        62     62      A         -2.300         -2.300         -2.300         -1.900         -2.300
        63     63      A         -2.300         -2.300         -2.300          0.000         -2.300
        64     64      A         -2.300         -2.300         -2.300          0.000         -2.300
        65     65      A         -2.300         -2.300         -2.300         -2.300         -2.300
        66     66      A         -2.300         -2.300         -2.300          0.000         -2.300
        67     67      A         -2.600         -2.600         -2.600         -2.600         -2.600
        68     68      A         -2.600         -2.600         -2.600         -2.600         -2.600
        69     69      A         -2.600         -2.600         -3.500            NaN         -3.500
        70     70      A         -2.600         -2.600         -3.500            NaN         -3.500
        71     71      A         -2.600         -2.600         -3.500         -0.500         -3.500
        72     72      A         -2.600         -2.600         -3.500          0.000         -3.500
        73     73      A         -2.600         -2.600         -3.500          0.000         -3.500
        74     74      A         -2.600         -2.600         -2.600          0.000         -2.600
        75     75      A         -2.600         -2.600         -2.600          0.000         -2.600
        76     76      A         -2.600         -2.600         -2.600            NaN         -2.600
        77     77      A         -2.600         -2.600         -4.300         -6.000         -2.600
        78     78      A         -2.600         -2.600         -2.600          0.000         -2.600
        79     79      A         -2.600         -2.600         -2.600         -2.600         -2.600
        80     80      A         -2.600         -2.600         -2.600          0.000         -2.600
        81     81      A         -2.600         -2.600         -2.600          0.000         -2.600
        82     82      A         -1.900         -1.900         -1.900         -1.900         -1.900
        83     83      A         -1.800         -1.800         -1.800         -1.800         -1.800
        84     84      A         -1.800         -1.800         -1.800          0.000         -1.800
        85     85      A         -1.800         -1.800         -1.800          0.000         -1.800
        86     86      A         -1.800         -1.800         -1.800         -1.800         -1.800
        87     87      A         -1.800         -1.800         -1.800          0.000         -1.800
        88     88      A         -1.900         -1.900         -1.900          0.000         -1.900
        89     89      A         -1.900         -1.900         -1.900         -1.700         -1.900
        90     90      A         -1.900         -3.700         -3.950         -6.000         -6.000
        91     91      A         -1.900         -3.700         -5.300            NaN         -6.000
        92     92      A         -1.900         -3.700         -4.600          0.000         -4.600
        93     93      A         -1.900         -3.700         -4.600         -1.700         -4.600
        94     94      A         -1.900         -3.700         -4.600         -1.600         -4.600
        95     95      A         -1.900         -3.700         -4.600          0.000         -4.600
        96     96      A         -1.900         -3.700         -4.600          0.000         -4.600
        97     97      A         -1.900         -3.700         -4.600         -1.700         -4.600
        98     98      A         -1.900         -3.700         -4.600         -1.900         -4.600
        99     99      A         -1.900         -3.700         -3.900          0.000         -3.900
       100    100      A         -1.900         -3.700         -3.900          0.000         -3.900
       101    101      A         -1.900         -3.700         -3.700         -1.900         -3.700
       102    102      A         -1.900         -3.700         -3.700          0.000         -3.700
       103    103      A         -1.900         -3.700         -3.700          0.000         -3.700
       104    104      A         -1.900         -3.700         -3.700         -1.800         -3.700
       105    105      A         -1.900         -3.700         -3.700          0.000         -3.700
       106    106      A         -1.900         -3.700         -3.700          0.000         -3.700
       107    107      A         -1.900         -3.700         -3.700          0.000         -3.700
       108    108      A         -1.900         -3.700         -3.700          0.000         -3.700
       109    109      A         -1.900         -1.900         -1.900         -1.900         -1.900
       110    110      A         -1.900         -1.900         -1.900            NaN         -1.900
       111    111      A         -1.900         -1.900         -1.900          0.000         -1.900
       112    112      A         -1.900         -1.900         -4.450          0.000         -2.900
       113    113      A         -1.900         -1.900         -2.900          0.000         -2.900
       114    114      A         -1.900         -1.900         -4.450         -6.000         -6.000
       115    115      A         -1.900         -1.900         -5.150            NaN         -6.000
       116    116      A         -1.900         -1.900         -2.900         -1.900         -2.900
       117    117      A         -1.900         -1.900         -2.900         -2.900         -2.900
       118    118      A         -1.900         -1.900         -2.900            NaN         -2.900
       119    119      A         -1.900         -1.900         -1.900          0.000         -1.900
       120    120      A         -1.900         -1.900         -1.900          0.000         -1.900
       121    121      A         -1.900         -1.900         -1.900         -1.900         -1.900
       122    122      A         -1.900         -1.900         -1.900          0.000         -1.900
       123    123      A         -1.900         -1.900         -1.900          0.000         -1.900
       124    124      A         -1.900         -1.900         -1.900         -1.900         -1.900
       125    125      A         -2.600         -2.600         -2.600         -2.600         -2.600
       126    126      A         -2.600         -2.600         -2.600            NaN         -2.600
       127    127      A         -2.600         -2.600         -2.600         -2.600         -2.600
       128    128      A         -2.600         -2.600         -2.600         -2.600         -2.600
       129    129      A         -2.600         -2.600         -2.600            NaN         -2.600
       130    130      A         -2.600         -2.600         -2.600         -2.000         -2.600
       131    131      A         -2.600         -2.600         -2.600         -2.000         -2.600
       132    132      A         -2.600         -2.600         -3.300         -2.600         -3.300
       133    133      A         -2.600         -2.600         -3.300            NaN         -3.300
       134    134      A         -2.600         -2.600         -3.300            NaN         -3.300
       135    135      A         -2.600         -2.600         -4.000            NaN         -4.000
       136    136      A         -2.600         -2.600         -4.000            NaN         -4.000
       137    137      A         -2.600         -2.600         -4.000         -2.600         -4.000
       138    138      A         -2.600         -2.600         -4.000          0.000         -4.000
       139    139      A         -2.600         -2.600         -4.000          0.000         -4.000
       140    140      A         -2.600         -2.600         -4.000         -0.900         -4.000
       141    141      A         -2.600         -2.600         -4.000          0.000         -4.000
       142    142      A         -2.600         -2.600         -4.000          0.000         -4.000
       143    143      A         -2.600         -2.600         -4.000          0.000         -4.000
       144    144      A         -2.600         -6.000         -6.000         -6.000         -6.000
       145    145      A         -2.600         -6.000         -4.550            NaN         -6.000
       146    146      A         -2.600         -2.600         -3.100          0.000         -3.100
       147    147      A         -2.600         -2.600         -2.600          0.000         -2.600
       148    148      A         -2.600         -2.600         -2.600          0.000         -2.600
       149    149      A         -2.600         -2.600         -2.600         -1.900         -2.600
       150    150      A         -2.600         -2.600         -2.600          0.000         -2.600
       151    151      A         -2.600         -2.600         -2.600          0.000         -2.600
       152    152      A         -2.600         -2.600         -2.600            NaN         -2.600
       153    153      A         -2.600         -2.600         -2.600         -2.500         -2.600
       154    154      A         -2.600         -2.600         -6.000          0.000         -6.000
       155    155      A         -2.600         -2.600         -4.300            NaN         -6.000
       156    156      A         -2.600         -2.600         -2.600         -2.600         -2.600
       157    157      A         -2.600         -2.600         -1.400         -0.200         -2.600
       158    158      A         -0.200         -0.200         -0.200          0.000         -0.200
       159    159      A         -0.200         -0.200         -0.200         -0.200         -0.200
       160    160      A         -0.200         -0.200         -0.200          0.000         -0.200
       161    161      A         -0.200         -0.200         -0.200          0.000         -0.200
       162    162      A          0.000          0.000          0.000          0.000          0.000
       163    163      A          0.000          0.000          0.000          0.000          0.000
       164    164      A          0.000          0.000          0.000          0.000          0.000
       165    165      A          0.000          0.000          0.000          0.000          0.000
       166    166      A          0.000          0.000          0.000          0.000          0.000
       167    167      A         -2.600         -2.600         -1.300         -2.600         -2.600
       168    168      A         -2.600         -2.600         -2.600            NaN         -2.600
       169    169      A         -2.600         -2.600         -2.600          0.000         -2.600
       170    170      A         -2.600         -2.600         -2.600          0.000         -2.600
       171    171      A         -2.600         -2.600         -2.600          0.000         -2.600
       172    172      A         -2.600         -2.600         -2.600          0.000         -2.600
       173    173      A         -2.600         -2.600         -2.600          0.000         -2.600
       174    174      A         -2.600         -2.600         -2.600         -2.600         -2.600
       175    175      A         -1.000         -1.000         -1.000         -1.000         -1.000
       176    176      A         -1.000         -1.000         -1.000          0.000         -1.000
       177    177      A         -1.000         -1.000         -1.450         -1.900         -1.900
       178    178      A         -1.000         -1.000         -1.900          0.000         -1.900
       179    179      A         -1.000         -1.000         -1.900          0.000         -1.900
       180    180      A         -1.000         -1.000         -6.000          0.000         -6.000
       181    181      A         -1.000         -1.000         -3.500            NaN         -6.000
       182    182      A         -1.000         -1.000         -1.000          0.000         -1.000
       183    183      A         -1.000         -1.000         -1.000          0.000         -1.000
       184    184      A         -1.000         -1.000         -1.000          0.000         -1.000
       185    185      A         -1.000         -1.000         -1.000          0.000         -1.000
       186    186      A         -1.000         -5.100         -5.100          0.000         -5.100
       187    187      A         -1.000         -5.100         -5.550         -6.000         -6.000
       188    188      A         -1.000         -5.100         -5.550            NaN         -6.000
       189    189      A         -1.000         -5.100         -5.100          0.000         -5.100
       190    190      A         -1.000         -5.100         -5.100         -1.000         -5.100
       191    191      A         -1.000         -1.000         -3.100          0.000         -3.100
       192    192      A         -1.000         -1.000         -2.000         -0.200         -2.000
       193    193      A         -1.000         -1.000         -1.000         -1.000         -1.000
       194    194      A         -1.000         -1.000         -1.000          0.000         -1.000
       195    195      A         -1.000         -1.000         -1.000          0.000         -1.000
       196    196      A         -1.000         -1.000         -1.000         -1.000         -1.000
       197    197      A         -1.000         -1.000         -1.000          0.000         -1.000
       198    198      A         -2.600         -2.600         -2.600         -1.000         -2.600
       199    199      A         -2.600         -2.600         -2.600         -2.100         -2.600
       200    200      A         -2.600         -2.600         -2.600         -1.000         -2.600
       201    201      A         -2.600         -2.600         -2.600          0.000         -2.600
       202    202      A         -2.600         -2.600         -2.600          0.000         -2.600
       203    203      A         -2.600         -2.600         -2.600         -2.600         -2.600
       204    204      A         -1.900         -1.900         -1.900          0.000         -1.900
       205    205      A         -1.900         -1.900         -1.900            NaN         -1.900
       206    206      A         -1.900         -1.900         -1.900            NaN         -1.900
       207    207      A         -1.900         -1.900         -1.900         -0.400         -1.900
       208    208      A         -2.000         -2.000         -2.000         -2.000         -2.000
       209    209      A         -2.000         -2.000         -2.000          0.000         -2.000
       210    210      A         -2.600         -2.600         -2.300         -2.600         -2.600
       211    211      A         -2.600         -2.600         -2.600          0.000         -2.600
       212    212      A         -2.600         -2.600         -2.600         -1.100         -2.600
       213    213      A         -2.600         -2.600         -2.600         -2.600         -2.600
       214    214      A         -2.600         -2.600         -2.600            NaN         -2.600
       215    215      A         -2.600         -2.600         -2.600         -2.600         -2.600
       216    216      A         -2.600         -2.600         -2.600          0.000         -2.600
       217    217      A         -2.600         -2.600         -2.600         -2.600         -2.600
       218    218      A         -2.600         -2.600         -2.600         -2.600         -2.600
       219    219      A         -2.600         -2.600         -2.600          0.000         -2.600
       220    220      A         -2.900         -2.600         -2.900          0.000         -2.900
       221    221      A         -5.000         -4.800         -5.000         -2.600         -5.000
       222    222      A         -5.000         -4.800         -5.000            NaN         -5.000
       223    223      A         -5.000         -4.800         -5.000          0.000         -5.000
       224    224      A         -5.000         -4.800         -5.000         -2.100         -5.000
       225    225      A         -5.000         -4.800         -5.000            NaN         -5.000
       226    226      A         -5.000         -4.800         -5.000          0.000         -5.000
       227    227      A         -4.800         -4.800         -4.800         -2.100         -4.800
       228    228      A         -4.800         -4.800         -4.800         -4.800         -4.800
       229    229      A         -4.800         -4.800         -4.800         -1.900         -4.800
       230    230      A         -4.800         -4.800         -4.800         -2.100         -4.800
       231    231      A         -4.800         -4.800         -4.800         -1.700         -4.800
       232    232      A         -4.800         -4.800         -3.950         -4.800         -4.800
       233    233      A         -1.900         -1.900         -1.900         -1.900         -1.900
       234    234      A         -1.900         -1.900         -1.900         -1.900         -1.900
       235    235      A         -1.900         -1.900         -1.900         -1.700         -1.900
       236    236      A         -2.100         -2.100         -2.350         -2.800         -2.800
       237    237      A         -2.100         -2.100         -2.800          0.000         -2.800
       238    238      A         -2.100         -2.100         -2.450         -2.800         -2.800
       239    239      A         -2.100         -2.100         -2.100         -2.100         -2.100
       240    240      A         -2.100         -2.100         -2.100          0.000         -2.100
       241    241      A         -2.100         -2.100         -2.100          0.000         -2.100
       242    242      A         -2.100         -2.100         -2.100         -2.100         -2.100
       243    243      A         -2.100         -2.100         -2.100          0.000         -2.100
       244    244      A         -2.100         -2.100         -2.100         -2.100         -2.100
       245    245      A         -2.100         -2.100         -2.100          0.000         -2.100
       246    246      A         -2.100         -2.100         -1.400         -0.700         -2.100
       247    247      A         -0.700         -0.700         -0.700            NaN         -0.700
       248    248      A         -0.700         -0.700         -0.700          0.000         -0.700
       249    249      A         -0.700         -0.700         -0.700         -0.700         -0.700
       250    250      A         -0.700         -0.700         -0.700          0.000         -0.700
       251    251      A         -0.700         -0.700         -0.700          0.000         -0.700
       252    252      A         -1.500         -1.500         -1.500         -1.500         -1.500
       253    253      A         -1.500         -1.500         -1.500          0.000         -1.500
       254    254      A         -2.600         -2.600         -2.050         -2.600         -2.600
       255    255      A         -2.600         -2.600         -2.600         -2.100         -2.600
       256    256      A         -2.600         -2.600         -2.600         -2.600         -2.600
       257    257      A         -2.600         -2.600         -2.600         -2.100         -2.600
       258    258      A         -2.600         -2.600         -2.600          0.000         -2.600
       259    259      A         -2.100         -2.100         -2.100         -1.000         -2.100
       260    260      A         -2.100         -2.100         -2.100         -2.100         -2.100
       261    261      A          0.000          0.000          0.000          0.000          0.000
       262    262      A          0.000          0.000          0.000          0.000          0.000
       263    263      A          0.000          0.000          0.000          0.000          0.000
