#      No.   Resi  Chain    Perc.Ind(1)    Perc.Ind(2)        Rig.Ind     SC_Rig.Ind        Ric.Ind
         1      1      A          0.000          0.000          0.000          0.000          0.000
         2      2      A         -1.900         -1.900         -0.950         -1.900         -1.900
         3      3      A         -1.900         -1.900         -1.900            NaN         -1.900
         4      4      A         -1.900         -1.900         -1.900         -1.900         -1.900
         5      5      A         -1.900         -1.900         -1.900          0.000         -1.900
         6      6      A         -1.900         -1.900         -1.900         -1.900         -1.900
         7      7      A         -1.900         -1.900         -1.900            NaN         -1.900
         8      8      A         -1.900         -1.900         -1.900            NaN         -1.900
         9      9      A         -1.900         -1.900         -1.900         -1.900         -1.900
        10     10      A         -1.900         -1.900         -1.900            NaN         -1.900
        11     11      A         -1.900         -1.900         -3.900         -3.900         -3.900
        12     12      A         -1.900         -1.900         -3.900          0.000         -3.900
        13     13      A         -1.900         -1.900         -3.900          0.000         -3.900
        14     14      A         -1.900         -1.900         -3.900         -3.900         -3.900
        15     15      A         -1.900         -1.900         -3.300          0.000         -3.300
        16     16      A         -0.800         -0.800         -0.800          0.000         -0.800
        17     17      A          0.000          0.000          0.000          0.000          0.000
        18     18      A          0.000          0.000          0.000          0.000          0.000
        19     19      A          0.000          0.000          0.000          0.000          0.000
        20     20      A          0.000          0.000          0.000            NaN          0.000
        21     21      A          0.000          0.000          0.000            NaN          0.000
        22     22      A         -0.100         -0.100          0.000          0.000          0.000
        23     23      A         -0.100         -0.100          0.000          0.000          0.000
        24     24      A         -2.700         -5.000         -5.000         -5.000         -5.000
        25     25      A         -2.700         -5.000         -5.000         -5.000         -5.000
        26     26      A         -2.700         -2.700         -2.700          0.000         -2.700
        27     27      A         -2.700         -2.700         -2.700          0.000         -2.700
        28     28      A         -2.700         -2.700         -2.700          0.000         -2.700
        29     29      A         -0.200         -0.200         -0.200          0.000         -0.200
        30     30      A         -0.200         -0.200         -0.200          0.000         -0.200
        31     31      A         -0.200         -0.200         -0.200          0.000         -0.200
        32     32      A         -0.200         -0.200         -0.200            NaN         -0.200
        33     33      A         -0.200         -0.200         -0.200          0.000         -0.200
        34     34      A         -0.200         -0.200         -0.200            NaN         -0.200
        35     35      A         -1.500         -1.500         -1.500         -1.500         -1.500
        36     36      A         -1.500         -1.500         -1.500            NaN         -1.500
        37     37      A         -1.500         -1.500         -1.500          0.000         -1.500
        38     38      A         -2.100         -2.100         -2.100            NaN         -2.100
        39     39      A         -2.700         -2.700         -2.700         -2.700         -2.700
        40     40      A         -2.700         -2.700         -2.700          0.000         -2.700
        41     41      A         -2.700         -2.700         -2.700         -2.700         -2.700
        42     42      A         -2.700         -5.000         -5.500         -6.000         -6.000
        43     43      A         -2.700         -5.000         -5.500            NaN         -6.000
        44     44      A         -0.100         -0.100          0.000          0.000          0.000
        45     45      A         -0.100         -0.100          0.000          0.000          0.000
        46     46      A          0.000          0.000          0.000          0.000          0.000
        47     47      A          0.000          0.000          0.000            NaN          0.000
        48     48      A          0.000          0.000          0.000            NaN          0.000
        49     49      A         -0.100         -0.100          0.000          0.000          0.000
        50     50      A         -2.000         -2.000         -2.000         -2.000         -2.000
        51     51      A         -2.000         -2.000         -2.000            NaN         -2.000
        52     52      A         -2.700         -2.700         -2.700          0.000         -2.700
        53     53      A         -2.700         -2.700         -2.700         -2.700         -2.700
        54     54      A         -2.700         -2.700         -2.700          0.000         -2.700
        55     55      A         -2.700         -2.700         -2.700         -2.700         -2.700
        56     56      A         -2.700         -2.700         -2.700         -2.700         -2.700
        57     57      A         -2.700         -2.700         -2.200            NaN         -2.700
        58     58      A         -1.700         -1.700         -1.700            NaN         -1.700
        59     59      A         -1.700         -1.700         -1.700         -1.700         -1.700
        60     60      A         -1.700         -1.700         -1.700         -1.700         -1.700
        61     61      A         -1.700         -1.700         -1.700          0.000         -1.700
        62     62      A         -1.700         -1.700         -1.700         -1.700         -1.700
        63     63      A         -2.400         -2.400         -2.400         -2.100         -2.400
        64     64      A         -2.400         -2.400         -2.400          0.000         -2.400
        65     65      A         -2.400         -2.400         -2.400          0.000         -2.400
        66     66      A         -2.400         -2.400         -2.400         -2.400         -2.400
        67     67      A         -2.400         -2.400         -2.400          0.000         -2.400
        68     68      A         -2.700         -2.700         -2.700         -2.700         -2.700
        69     69      A         -2.700         -2.700         -2.700         -2.700         -2.700
        70     70      A         -2.700         -2.700         -3.600            NaN         -3.600
        71     71      A         -2.700         -2.700         -3.600            NaN         -3.600
        72     72      A         -2.700         -2.700         -3.600         -1.900         -3.600
        73     73      A         -2.700         -2.700         -3.600          0.000         -3.600
        74     74      A         -2.700         -2.700         -3.600          0.000         -3.600
        75     75      A         -2.700         -2.700         -2.700          0.000         -2.700
        76     76      A         -2.700         -2.700         -2.700          0.000         -2.700
        77     77      A         -2.700         -2.700         -2.700            NaN         -2.700
        78     78      A         -2.700         -2.700         -4.350         -6.000         -2.700
        79     79      A         -2.700         -2.700         -2.700          0.000         -2.700
        80     80      A         -2.700         -2.700         -2.700         -2.700         -2.700
        81     81      A         -2.700         -2.700         -2.700          0.000         -2.700
        82     82      A         -2.700         -2.700         -2.700          0.000         -2.700
        83     83      A         -2.100         -2.100         -2.100         -2.100         -2.100
        84     84      A         -1.700         -1.700         -1.700         -1.600         -1.700
        85     85      A         -1.700         -1.700         -1.700          0.000         -1.700
        86     86      A         -1.700         -1.700         -1.700          0.000         -1.700
        87     87      A         -1.700         -1.700         -1.700         -1.700         -1.700
        88     88      A         -1.700         -1.700         -1.700          0.000         -1.700
        89     89      A         -1.700         -1.700         -1.700          0.000         -1.700
        90     90      A         -1.700         -1.700         -1.700         -1.700         -1.700
        91     91      A         -2.100         -4.700         -3.850         -6.000         -6.000
        92     92      A         -2.100         -4.700         -5.350            NaN         -6.000
        93     93      A         -2.100         -4.700         -4.700          0.000         -4.700
        94     94      A         -2.100         -4.700         -4.700         -1.500         -4.700
        95     95      A         -2.100         -4.700         -4.700         -2.100         -4.700
        96     96      A         -2.100         -4.700         -4.700          0.000         -4.700
        97     97      A         -2.100         -4.700         -4.700          0.000         -4.700
        98     98      A         -2.100         -4.700         -4.700         -1.700         -4.700
        99     99      A         -2.100         -4.700         -4.700         -2.100         -4.700
       100    100      A         -2.100         -4.200         -4.200          0.000         -4.200
       101    101      A         -2.100         -4.200         -4.200          0.000         -4.200
       102    102      A         -2.100         -4.200         -4.200         -2.100         -4.200
       103    103      A         -2.100         -4.200         -4.200          0.000         -4.200
       104    104      A         -2.100         -4.200         -4.200          0.000         -4.200
       105    105      A         -2.100         -4.200         -4.200         -0.200         -4.200
       106    106      A         -2.100         -4.200         -4.200          0.000         -4.200
       107    107      A         -2.100         -4.200         -4.200          0.000         -4.200
       108    108      A         -2.100         -4.200         -4.200          0.000         -4.200
       109    109      A         -2.100         -4.200         -4.200          0.000         -4.200
       110    110      A         -2.100         -2.100         -2.100         -2.000         -2.100
       111    111      A         -2.100         -2.100         -2.100            NaN         -2.100
       112    112      A         -2.100         -2.100         -2.100          0.000         -2.100
       113    113      A         -2.100         -2.100         -4.650          0.000         -3.300
       114    114      A         -2.100         -2.100         -3.300          0.000         -3.300
       115    115      A         -2.100         -2.100         -2.600         -2.600         -2.600
       116    116      A         -2.100         -2.100         -2.600            NaN         -2.600
       117    117      A         -2.100         -2.100         -2.600         -2.100         -2.600
       118    118      A         -2.100         -2.100         -2.600         -2.600         -2.600
       119    119      A         -2.100         -2.100         -2.600            NaN         -2.600
       120    120      A         -2.000         -2.000         -2.000          0.000         -2.000
       121    121      A         -2.000         -2.000         -2.000          0.000         -2.000
       122    122      A         -2.000         -2.000         -2.000         -2.000         -2.000
       123    123      A         -2.000         -2.000         -2.000          0.000         -2.000
       124    124      A         -2.000         -2.000         -2.000          0.000         -2.000
       125    125      A         -2.000         -2.000         -2.000         -2.000         -2.000
       126    126      A         -2.700         -2.700         -2.700         -2.700         -2.700
       127    127      A         -2.700         -2.700         -2.700            NaN         -2.700
       128    128      A         -2.700         -2.700         -2.700         -2.700         -2.700
       129    129      A         -2.700         -2.700         -2.700         -2.700         -2.700
       130    130      A         -2.700         -2.700         -2.700            NaN         -2.700
       131    131      A         -2.700         -2.700         -2.700         -2.200         -2.700
       132    132      A         -2.700         -2.700         -2.700         -2.200         -2.700
       133    133      A         -3.400         -2.700         -3.400         -2.100         -3.400
       134    134      A         -3.400         -2.700         -3.400            NaN         -3.400
       135    135      A         -3.400         -2.700         -3.400            NaN         -3.400
       136    136      A         -3.800         -2.700         -3.800            NaN         -3.800
       137    137      A         -4.000         -2.700         -4.000            NaN         -4.000
       138    138      A         -4.000         -2.700         -4.000         -2.700         -4.000
       139    139      A         -4.000         -2.700         -4.000          0.000         -4.000
       140    140      A         -4.000         -2.700         -4.000          0.000         -4.000
       141    141      A         -4.000         -2.700         -4.000         -0.800         -4.000
       142    142      A         -4.000         -2.700         -4.000          0.000         -4.000
       143    143      A         -4.000         -2.700         -4.000          0.000         -4.000
       144    144      A         -4.000         -2.700         -4.000          0.000         -4.000
       145    145      A         -6.000         -6.000         -6.000         -6.000         -6.000
       146    146      A         -6.000         -6.000         -4.400            NaN         -6.000
       147    147      A         -2.800         -2.700         -2.800          0.000         -2.800
       148    148      A         -2.700         -2.700         -2.700          0.000         -2.700
       149    149      A         -2.700         -2.700         -2.700         -0.200         -2.700
       150    150      A         -2.700         -2.700         -2.700          0.000         -2.700
       151    151      A         -2.700         -2.700         -2.700          0.000         -2.700
       152    152      A         -2.700         -2.700         -2.700          0.000         -2.700
       153    153      A         -2.700         -2.700         -2.700            NaN         -2.700
       154    154      A         -2.700         -2.700         -2.700         -2.600         -2.700
       155    155      A         -2.700         -2.700         -6.000          0.000         -6.000
       156    156      A         -2.700         -2.700         -3.100            NaN         -6.000
       157    157      A         -0.100         -0.100          0.000          0.000          0.000
       158    158      A         -0.100         -0.100          0.000          0.000          0.000
       159    159      A         -0.100         -0.100          0.000          0.000          0.000
       160    160      A         -0.100         -0.100          0.000          0.000          0.000
       161    161      A         -0.100         -0.100          0.000          0.000          0.000
       162    162      A         -0.100         -0.100          0.000          0.000          0.000
       163    163      A         -0.100         -0.100          0.000          0.000          0.000
       164    164      A         -0.100         -0.100          0.000          0.000          0.000
       165    165      A         -0.100         -0.100          0.000          0.000          0.000
       166    166      A         -0.100         -0.100          0.000          0.000          0.000
       167    167      A         -0.100         -0.100          0.000          0.000          0.000
       168    168      A         -0.100         -0.100          0.000          0.000          0.000
       169    169      A         -2.700         -2.700         -1.350            NaN         -2.700
       170    170      A         -2.700         -2.700         -2.700          0.000         -2.700
       171    171      A         -2.700         -2.700         -2.700         -2.700         -2.700
       172    172      A         -2.700         -2.700         -2.700          0.000         -2.700
       173    173      A         -2.700         -2.700         -2.700          0.000         -2.700
       174    174      A         -2.700         -2.700         -2.700          0.000         -2.700
       175    175      A         -2.700         -2.700         -2.700         -2.700         -2.700
       176    176      A         -2.700         -2.700         -2.300         -2.300         -2.700
       177    177      A         -1.800         -1.800         -1.800          0.000         -1.800
       178    178      A         -1.700         -1.700         -1.700         -1.700         -1.700
       179    179      A         -1.700         -1.700         -1.700          0.000         -1.700
       180    180      A         -1.700         -1.700         -1.700         -1.700         -1.700
       181    181      A         -1.700         -1.700         -6.000          0.000         -6.000
       182    182      A         -1.700         -1.700         -3.800            NaN         -6.000
       183    183      A         -1.600         -1.600         -1.600         -1.600         -1.600
       184    184      A         -1.600         -1.600         -1.600          0.000         -1.600
       185    185      A         -1.600         -1.600         -1.600          0.000         -1.600
       186    186      A         -1.600         -1.600         -1.600          0.000         -1.600
       187    187      A         -1.600         -5.400         -5.400          0.000         -5.400
       188    188      A         -1.600         -5.400         -5.700         -6.000         -6.000
       189    189      A         -1.600         -5.400         -5.700            NaN         -6.000
       190    190      A         -1.600         -5.400         -5.400          0.000         -5.400
       191    191      A         -1.600         -5.400         -5.400         -1.600         -5.400
       192    192      A         -1.600         -1.600         -2.300          0.000         -2.300
       193    193      A         -1.600         -1.600         -1.800          0.000         -1.800
       194    194      A         -1.600         -1.600         -1.600         -1.600         -1.600
       195    195      A         -1.600         -1.600         -1.600          0.000         -1.600
       196    196      A         -1.600         -1.600         -1.600          0.000         -1.600
       197    197      A         -1.600         -1.600         -1.600         -1.600         -1.600
       198    198      A         -1.600         -1.600         -1.600          0.000         -1.600
       199    199      A         -2.700         -2.700         -2.700         -1.600         -2.700
       200    200      A         -2.700         -2.700         -2.700         -1.900         -2.700
       201    201      A         -2.700         -2.700         -2.700         -2.700         -2.700
       202    202      A         -2.700         -2.700         -2.700          0.000         -2.700
       203    203      A         -2.700         -2.700         -2.700         -2.700         -2.700
       204    204      A         -2.700         -2.700         -2.700         -2.700         -2.700
       205    205      A         -2.300         -2.300         -2.300         -0.400         -2.300
       206    206      A         -2.300         -2.300         -2.300            NaN         -2.300
       207    207      A         -2.200         -2.200         -2.200            NaN         -2.200
       208    208      A         -2.200         -2.200         -2.200         -2.200         -2.200
       209    209      A         -2.200         -2.200         -2.200         -2.200         -2.200
       210    210      A         -2.200         -2.200         -2.200          0.000         -2.200
       211    211      A         -2.700         -2.700         -2.450         -2.700         -2.700
       212    212      A         -2.700         -2.700         -2.700         -2.600         -2.700
       213    213      A         -2.700         -2.700         -2.700         -1.800         -2.700
       214    214      A         -2.700         -2.700         -2.700         -2.700         -2.700
       215    215      A         -2.700         -2.700         -2.700            NaN         -2.700
       216    216      A         -2.700         -2.700         -2.700         -2.700         -2.700
       217    217      A         -2.700         -2.700         -2.700          0.000         -2.700
       218    218      A         -2.700         -2.700         -2.700         -2.700         -2.700
       219    219      A         -2.700         -2.700         -2.700         -2.700         -2.700
       220    220      A         -2.700         -2.700         -2.700          0.000         -2.700
       221    221      A         -2.700         -2.700         -2.700          0.000         -2.700
       222    222      A         -2.700         -4.900         -4.900         -2.700         -4.900
       223    223      A         -2.700         -4.900         -4.900            NaN         -4.900
       224    224      A         -2.700         -4.900         -4.900          0.000         -4.900
       225    225      A         -2.700         -4.900         -4.900         -1.900         -4.900
       226    226      A         -2.700         -4.900         -4.900            NaN         -4.900
       227    227      A         -2.700         -4.900         -4.900          0.000         -4.900
       228    228      A         -2.700         -4.900         -4.900         -1.900         -4.900
       229    229      A         -2.700         -4.900         -4.900         -2.700         -4.900
       230    230      A         -2.700         -4.900         -4.900          0.000         -4.900
       231    231      A         -2.700         -4.900         -4.900         -1.900         -4.900
       232    232      A         -2.700         -4.300         -4.300          0.000         -4.300
       233    233      A         -2.700         -2.700         -2.600         -2.700         -2.700
       234    234      A         -2.000         -2.000         -2.000          0.000         -2.000
       235    235      A         -2.000         -2.000         -1.950         -2.000         -2.000
       236    236      A         -1.900         -1.900         -1.900         -1.900         -1.900
       237    237      A         -1.900         -1.900         -1.900         -1.900         -1.900
       238    238      A         -1.900         -1.900         -1.900          0.000         -1.900
       239    239      A         -1.900         -1.900         -1.900         -1.900         -1.900
       240    240      A         -1.900         -1.900         -1.900         -1.900         -1.900
       241    241      A         -1.900         -1.900         -1.900          0.000         -1.900
       242    242      A         -1.900         -1.900         -1.900          0.000         -1.900
       243    243      A         -1.900         -1.900         -1.900         -1.900         -1.900
       244    244      A         -1.900         -1.900         -1.900          0.000         -1.900
       245    245      A         -1.900         -1.900         -1.900         -1.900         -1.900
       246    246      A         -1.900         -1.900         -1.900          0.000         -1.900
       247    247      A         -1.900         -1.900         -2.350         -6.000         -2.800
       248    248      A         -1.900         -1.900         -2.800            NaN         -2.800
       249    249      A         -1.900         -1.900         -1.900          0.000         -1.900
       250    250      A         -1.900         -1.900         -1.900         -1.900         -1.900
       251    251      A         -1.900         -1.900         -1.900          0.000         -1.900
       252    252      A         -1.900         -1.900         -1.900          0.000         -1.900
       253    253      A         -2.200         -2.200         -2.200         -2.200         -2.200
       254    254      A         -2.200         -2.200         -2.200         -2.200         -2.200
       255    255      A         -2.700         -2.700         -2.450         -2.700         -2.700
       256    256      A         -2.700         -2.700         -2.700         -1.900         -2.700
       257    257      A         -2.700         -2.700         -2.700         -2.700         -2.700
       258    258      A         -2.700         -2.700         -2.700         -1.900         -2.700
       259    259      A         -2.700         -2.700         -2.700          0.000         -2.700
       260    260      A         -1.900         -1.900         -1.900         -1.900         -1.900
       261    261      A         -1.900         -1.900         -1.900         -1.900         -1.900
